336
0,1.039683,4.366667,88
1,1.081301,4.030303,88
2,1.132231,3.605263,89
3,1.184874,3.204545,90
4,1.258621,2.920000,91
5,1.315789,2.727273,92
6,1.375000,2.524590,93
7,1.449541,2.393939,94
8,1.514019,2.250000,95
9,1.586538,2.142857,96
10,1.673267,2.036144,97
11,1.755102,1.954545,97
12,1.842105,1.861702,98
13,1.934783,1.797980,98
14,2.045455,1.730769,98
15,2.265060,1.634783,100
16,1.052632,4.444445,159
17,1.075221,4.189655,160
18,1.102679,3.920635,161
19,1.134529,3.666667,163
20,1.161435,3.453333,166
21,1.189189,3.300000,168
22,1.221720,3.139535,170
23,1.243243,3.000000,173
24,1.277273,2.867347,175
25,1.310502,2.759615,177
26,1.334862,2.645455,178
27,1.368664,2.560345,180
28,1.400000,2.487603,181
29,1.436620,2.409449,183
30,1.462264,2.348485,185
31,1.500000,2.282609,186
32,1.528846,2.223776,187
33,1.567961,2.167785,189
34,1.598039,2.130719,189
35,1.636816,2.069182,190
36,1.673367,2.030488,191
37,1.705584,1.976471,192
38,1.751295,1.942529,192
39,1.794737,1.905028,192
40,1.829787,1.869565,193
41,1.880435,1.830688,193
42,1.922652,1.793814,193
43,1.977401,1.767677,193
44,2.028736,1.738916,193
45,2.076471,1.705314,192
46,2.138554,1.674528,192
47,2.236025,1.621622,193
48,1.083110,4.439560,265
49,1.095109,4.287234,263
50,1.111413,4.131313,266
51,1.122667,3.934579,272
52,1.140212,3.814159,277
53,1.160858,3.669492,277
54,1.175532,3.536000,281
55,1.185864,3.431818,288
56,1.203655,3.340580,292
57,1.220472,3.229167,293
58,1.233161,3.152318,298
59,1.254593,3.083871,298
60,1.266319,2.993827,302
61,1.276923,2.946746,309
62,1.293059,2.874286,311
63,1.305128,2.812155,314
64,1.322997,2.752688,314
65,1.338462,2.704663,319
66,1.352185,2.656566,320
67,1.365729,2.617647,324
68,1.383033,2.574163,325
69,1.395887,2.537383,328
70,1.408740,2.490909,330
71,1.425258,2.457778,332
72,1.441860,2.426087,333
73,1.457364,2.389831,336
74,1.470437,2.353909,340
75,1.480720,2.322581,342
76,1.498708,2.301587,342
77,1.510363,2.268482,344
78,1.524548,2.243346,347
79,1.540052,2.215613,350
80,1.556136,2.191176,349
81,1.573298,2.169675,350
82,1.585302,2.141844,351
83,1.601050,2.118056,354
84,1.615790,2.095563,355
85,1.629630,2.081081,356
86,1.643617,2.060000,356
87,1.661333,2.035948,358
88,1.679144,2.012820,360
89,1.699187,2.003195,358
90,1.712737,1.975000,360
91,1.730245,1.953846,361
92,1.747945,1.939210,362
93,1.766667,1.927273,359
94,1.791086,1.902367,362
95,1.807910,1.893491,359
96,1.826705,1.874636,360
97,1.842407,1.858382,360
98,1.870317,1.833333,362
99,1.889535,1.820728,362
100,1.911765,1.805556,360
101,1.937685,1.789041,361
102,1.954683,1.782369,356
103,1.981651,1.765668,356
104,2.006154,1.743315,358
105,2.031153,1.729443,356
106,2.059748,1.705729,357
107,2.089744,1.697917,354
108,2.107843,1.684073,350
109,2.141447,1.664962,352
110,2.177852,1.651399,349
111,2.237931,1.626566,347
112,1.112644,4.400000,314
113,1.124711,4.271930,314
114,1.121277,4.149606,341
115,1.144796,3.984252,325
116,1.158837,3.865672,331
117,1.165948,3.783217,345
118,1.183628,3.664384,340
119,1.194323,3.575163,346
120,1.200000,3.496933,360
121,1.218615,3.391566,354
122,1.229787,3.341040,362
123,1.231884,3.269231,373
124,1.250526,3.193548,370
125,1.263158,3.125000,373
126,1.264228,3.094527,386
127,1.274747,3.048309,391
128,1.285714,2.985981,395
129,1.294000,2.940909,399
130,1.311609,2.887892,395
131,1.317269,2.852174,402
132,1.328000,2.801688,406
133,1.339321,2.772727,409
134,1.350000,2.732794,411
135,1.350877,2.707031,422
136,1.359768,2.673004,427
137,1.366603,2.646840,432
138,1.379576,2.613139,433
139,1.393762,2.581228,431
140,1.395393,2.550877,438
141,1.406130,2.531034,441
142,1.416826,2.503378,445
143,1.427746,2.478261,444
144,1.431559,2.460784,451
145,1.438563,2.439103,455
146,1.449057,2.415094,458
147,1.456767,2.391975,462
148,1.461825,2.378788,467
149,1.472795,2.357357,466
150,1.479401,2.337278,468
151,1.487850,2.313953,471
152,1.500000,2.297688,469
153,1.507547,2.282857,471
154,1.514981,2.266106,476
155,1.519626,2.245856,479
156,1.531835,2.228883,480
157,1.540187,2.215054,483
158,1.547842,2.200000,483
159,1.557009,2.186352,487
160,1.563670,2.168831,488
161,1.574669,2.158031,485
162,1.584121,2.143223,488
163,1.592105,2.122807,492
164,1.603809,2.120907,488
165,1.610586,2.098522,494
166,1.617702,2.084951,497
167,1.627863,2.080488,493
168,1.638258,2.059524,499
169,1.644487,2.049763,498
170,1.658349,2.042553,497
171,1.666023,2.035377,495
172,1.675676,2.023310,497
173,1.685935,2.002288,501
174,1.693957,1.997701,497
175,1.702913,1.979684,501
176,1.714008,1.966518,502
177,1.721569,1.964206,500
178,1.734653,1.955357,498
179,1.742633,1.936681,503
180,1.758416,1.922078,503
181,1.765531,1.923581,498
182,1.780242,1.911255,498
183,1.789157,1.891720,502
184,1.800000,1.883721,502
185,1.813142,1.878723,496
186,1.824490,1.858628,502
187,1.835759,1.862869,494
188,1.851240,1.839836,501
189,1.864583,1.830266,499
190,1.880000,1.822449,497
191,1.891026,1.817248,492
192,1.910256,1.802419,496
193,1.923581,1.801636,488
194,1.943355,1.780439,493
195,1.956332,1.763780,494
196,1.970917,1.765531,485
197,1.990930,1.756000,482
198,2.009174,1.745020,480
199,2.034562,1.731373,482
200,2.053118,1.716216,485
201,2.071599,1.715415,472
202,2.097156,1.692161,480
203,2.121065,1.687861,474
204,2.136477,1.681641,465
205,2.166667,1.665392,469
206,2.189258,1.662136,460
207,2.234987,1.639847,458
208,1.134146,4.359375,358
209,1.146809,4.244094,345
210,1.170022,4.085938,332
211,1.170168,3.978571,354
212,1.198198,3.827338,335
213,1.209821,3.737931,340
214,1.202454,3.698113,370
215,1.228942,3.556250,355
216,1.237792,3.491018,363
217,1.251055,3.408046,368
218,1.239300,3.388298,397
219,1.251451,3.335052,402
220,1.256604,3.280788,414
221,1.284569,3.173267,395
222,1.277359,3.163551,418
223,1.287054,3.104072,423
224,1.309942,3.027027,412
225,1.314286,3.000000,423
226,1.303571,3.004115,449
227,1.335238,2.908714,427
228,1.318662,2.925781,458
229,1.325175,2.882129,463
230,1.334501,2.843284,465
231,1.365989,2.778195,447
232,1.363148,2.760870,462
233,1.364112,2.747368,475
234,1.359932,2.724490,486
235,1.385841,2.672355,472
236,1.391228,2.652174,477
237,1.395833,2.636065,484
238,1.408772,2.598706,482
239,1.413194,2.584127,488
240,1.401993,2.581040,508
241,1.420339,2.547112,502
242,1.413399,2.544118,519
243,1.422697,2.521866,518
244,1.439394,2.492711,510
245,1.432739,2.490141,528
246,1.438003,2.473684,533
247,1.458609,2.440443,524
248,1.456169,2.430894,534
249,1.456000,2.420213,542
250,1.463141,2.402632,542
251,1.480392,2.384211,536
252,1.481361,2.367876,541
253,1.482315,2.352041,546
254,1.489533,2.335859,547
255,1.474843,2.310345,557
256,1.496785,2.304456,550
257,1.489699,2.281554,557
258,1.499203,2.270531,556
259,1.475894,2.232941,565
260,1.474419,2.211628,567
261,1.496845,2.212121,562
262,1.469954,2.168182,570
263,1.492163,2.173516,566
264,1.491393,2.156109,567
265,1.469231,2.112832,572
266,1.492188,2.122222,568
267,1.496865,2.108168,568
268,1.489097,2.087336,570
269,1.456621,2.027542,577
270,1.470046,2.027542,575
271,1.491420,2.038379,571
272,1.476852,2.010504,574
273,1.481424,2.002092,573
274,1.463303,1.965092,577
275,1.476852,1.965092,575
276,1.461069,1.929435,578
277,1.483721,1.945122,575
278,1.463303,1.906374,579
279,1.465544,1.895049,579
280,1.488336,1.910180,575
281,1.467075,1.863813,580
282,1.467791,1.851064,579
283,1.465544,1.833333,580
284,1.486025,1.851064,576
285,1.472308,1.815939,580
286,1.490654,1.829828,576
287,1.480680,1.797373,579
288,1.502355,1.819392,575
289,1.483721,1.772222,579
290,1.482972,1.754579,580
291,1.511041,1.787313,575
292,1.518225,1.780669,575
293,1.496875,1.726126,579
294,1.516640,1.749543,575
295,1.508661,1.716846,577
296,1.513428,1.707665,577
297,1.535256,1.726126,574
298,1.540193,1.716846,573
299,1.523052,1.668990,577
300,1.527911,1.660312,577
301,1.537721,1.657439,576
302,1.568852,1.699822,569
303,1.552674,1.648881,574
304,1.545161,1.620981,576
305,1.592346,1.678947,567
306,1.575658,1.632027,572
307,1.599332,1.654577,568
308,1.596667,1.626486,569
309,1.618243,1.646048,566
310,1.612795,1.615514,567
311,1.620981,1.607383,567
312,1.629252,1.596667,566
313,1.634812,1.586093,566
314,1.678947,1.633106,559
315,1.687831,1.624788,558
316,1.671902,1.575658,562
317,1.678947,1.566285,561
318,1.715054,1.595000,556
319,1.708929,1.563725,558
320,1.724324,1.561175,556
321,1.736842,1.553571,555
322,1.746350,1.543548,554
323,1.765683,1.543548,553
324,1.785448,1.546042,550
325,1.843931,1.592346,543
326,1.829828,1.548544,546
327,1.833333,1.528754,546
328,1.858252,1.528754,544
329,1.935223,1.588040,534
330,1.955010,1.580165,533
331,1.975207,1.572368,532
332,1.945122,1.516640,537
333,1.937247,1.479134,539
334,2.069414,1.576859,524
335,2.047109,1.507886,529
